explanation code

34 81 117 97 108 105 116 121 32 105 115 32 111 112 112 111 115 101 100 32 116 111 32 115 117 98 106 101 99 116 105 118 105 116 121 46 34 32 45 32 82 111 98 101 114 116 32 77 46 32 80 105 114 115 105 103

81 82 77 80
34 32 32 32 32 34 32 32 32 32
46 45 46
97 108 105 105 101 100 98 106 101 99 105 105 98 101 105 105 103
117 116 121 115 111 112 112 111 115 116 111 115 117 116 118 116 121 111 114 116 114 115

>+++++++++[<+++++++++>-] 81 0
>+++++[<+++++++>-] 81 35 0 
>+++++[<+++++++++>-] 81 35 45 0
>+++++++++[<+++++++++++>-] 81 35 45 99 0
>+++++++++++[<+++++++++++>-] 81 35 45 99 121 0
<<<< 2nd 

81 35 45 99 121 0
-.<.>>>>----.<--.+++++++++++.---.>-.+++++.<<<--.>>.>------.<<<.>>>----.+..-.++++.<----.-.<<.>>>+.-----.<<<.>>>++++.++.<--.++++++++.-----.--.>-.<++++++.>++.<.>--.+++++.<<+.<++.--.>-.<.<+.>>>>----------.<-------.+++.>+++.++.<<<.<-----.>>+.<.<+++.>>>++++.>--.+.<.--.
>[-]<[-]<[-]<[-]<[-]
0 0 0 0 0 0